function [quad_pts, quad_wghts] = quad_137
%
% This function contains weights and quadrature points
% which are exact for polynomials of degree seven on the unit triangle
% 

quad_pts = [   0.33333333333333   0.33333333333333
   0.47930806784192   0.26034596607904
   0.26034596607904   0.47930806784192
   0.26034596607904   0.26034596607904
   0.86973979419557   0.06513010290222
   0.06513010290222   0.86973979419557
   0.06513010290222   0.06513010290222
   0.63844418856981   0.04869031542532
   0.63844418856981   0.31286549600488
   0.04869031542532   0.63844418856981
   0.04869031542532   0.31286549600488
   0.31286549600488   0.04869031542532
   0.31286549600488   0.63844418856981  ] ;


quad_wghts = [ -0.07478502223384, ...
   0.08780762871660, ...
   0.08780762871660, ...
   0.08780762871660, ...
   0.02667361780442, ...
   0.02667361780442, ...
   0.02667361780442, ...
   0.03855688044513, ...
   0.03855688044513, ...
   0.03855688044513, ...
   0.03855688044513, ...
   0.03855688044513, ...
   0.03855688044513 ] ;

