nodeco = [ ] ; elnode = [ ] ; bdynde = [ ] ; bdyedge = [ ] ;

nodeco =[ -1.0000         0
   -0.8000         0
   -0.6000         0
   -0.4000         0
   -0.2000         0
         0         0
    0.2000         0
    0.4000         0
    0.6000         0
    0.8000         0
    1.0000         0
   -1.0000    0.1000
   -0.8000    0.1000
   -0.6000    0.1000
   -0.4000    0.1000
   -0.2000    0.1000
         0    0.1000
    0.2000    0.1000
    0.4000    0.1000
    0.6000    0.1000
    0.8000    0.1000
    1.0000    0.1000
   -1.0000    0.2000
   -0.8000    0.2000
   -0.6000    0.2000
   -0.4000    0.2000
   -0.2000    0.2000
         0    0.2000
    0.2000    0.2000
    0.4000    0.2000
    0.6000    0.2000
    0.8000    0.2000
    1.0000    0.2000
   -1.0000    0.3000
   -0.8000    0.3000
   -0.6000    0.3000
   -0.4000    0.3000
   -0.2000    0.3000
         0    0.3000
    0.2000    0.3000
    0.4000    0.3000
    0.6000    0.3000
    0.8000    0.3000
    1.0000    0.3000
   -1.0000    0.4000
   -0.8000    0.4000
   -0.6000    0.4000
   -0.4000    0.4000
   -0.2000    0.4000
         0    0.4000
    0.2000    0.4000
    0.4000    0.4000
    0.6000    0.4000
    0.8000    0.4000
    1.0000    0.4000
   -1.0000    0.5000
   -0.8000    0.5000
   -0.6000    0.5000
   -0.4000    0.5000
   -0.2000    0.5000
         0    0.5000
    0.2000    0.5000
    0.4000    0.5000
    0.6000    0.5000
    0.8000    0.5000
    1.0000    0.5000
   -1.0000    0.6000
   -0.8000    0.6000
   -0.6000    0.6000
   -0.4000    0.6000
   -0.2000    0.6000
         0    0.6000
    0.2000    0.6000
    0.4000    0.6000
    0.6000    0.6000
    0.8000    0.6000
    1.0000    0.6000
   -1.0000    0.7000
   -0.8000    0.7000
   -0.6000    0.7000
   -0.4000    0.7000
   -0.2000    0.7000
         0    0.7000
    0.2000    0.7000
    0.4000    0.7000
    0.6000    0.7000
    0.8000    0.7000
    1.0000    0.7000
   -1.0000    0.8000
   -0.8000    0.8000
   -0.6000    0.8000
   -0.4000    0.8000
   -0.2000    0.8000
         0    0.8000
    0.2000    0.8000
    0.4000    0.8000
    0.6000    0.8000
    0.8000    0.8000
    1.0000    0.8000
   -1.0000    0.9000
   -0.8000    0.9000
   -0.6000    0.9000
   -0.4000    0.9000
   -0.2000    0.9000
         0    0.9000
    0.2000    0.9000
    0.4000    0.9000
    0.6000    0.9000
    0.8000    0.9000
    1.0000    0.9000
   -1.0000    1.0000
   -0.8000    1.0000
   -0.6000    1.0000
   -0.4000    1.0000
   -0.2000    1.0000
         0    1.0000
    0.2000    1.0000
    0.4000    1.0000
    0.6000    1.0000
    0.8000    1.0000
    1.0000    1.0000
   -0.9000    0.1000
   -0.9000    0.0500
   -1.0000    0.0500
   -0.8000    0.0500
   -0.9000         0
   -0.7000    0.0500
   -0.7000         0
   -0.7000    0.1000
   -0.6000    0.0500
   -0.5000    0.1000
   -0.5000    0.0500
   -0.4000    0.0500
   -0.5000         0
   -0.3000    0.0500
   -0.3000         0
   -0.3000    0.1000
   -0.2000    0.0500
   -0.1000    0.1000
   -0.1000    0.0500
         0    0.0500
   -0.1000         0
    0.1000    0.0500
    0.1000         0
    0.1000    0.1000
    0.2000    0.0500
    0.3000    0.1000
    0.3000    0.0500
    0.4000    0.0500
    0.3000         0
    0.5000    0.0500
    0.5000         0
    0.5000    0.1000
    0.6000    0.0500
    0.7000    0.1000
    0.7000    0.0500
    0.8000    0.0500
    0.7000         0
    0.9000    0.0500
    0.9000         0
    0.9000    0.1000
    1.0000    0.0500
   -0.9000    0.1500
   -1.0000    0.1500
   -0.8000    0.1500
   -0.9000    0.2000
   -0.7000    0.1500
   -0.7000    0.2000
   -0.6000    0.1500
   -0.5000    0.1500
   -0.4000    0.1500
   -0.5000    0.2000
   -0.3000    0.1500
   -0.3000    0.2000
   -0.2000    0.1500
   -0.1000    0.1500
         0    0.1500
   -0.1000    0.2000
    0.1000    0.1500
    0.1000    0.2000
    0.2000    0.1500
    0.3000    0.1500
    0.4000    0.1500
    0.3000    0.2000
    0.5000    0.1500
    0.5000    0.2000
    0.6000    0.1500
    0.7000    0.1500
    0.8000    0.1500
    0.7000    0.2000
    0.9000    0.1500
    0.9000    0.2000
    1.0000    0.1500
   -0.9000    0.3000
   -0.9000    0.2500
   -1.0000    0.2500
   -0.8000    0.2500
   -0.7000    0.2500
   -0.7000    0.3000
   -0.6000    0.2500
   -0.5000    0.3000
   -0.5000    0.2500
   -0.4000    0.2500
   -0.3000    0.2500
   -0.3000    0.3000
   -0.2000    0.2500
   -0.1000    0.3000
   -0.1000    0.2500
         0    0.2500
    0.1000    0.2500
    0.1000    0.3000
    0.2000    0.2500
    0.3000    0.3000
    0.3000    0.2500
    0.4000    0.2500
    0.5000    0.2500
    0.5000    0.3000
    0.6000    0.2500
    0.7000    0.3000
    0.7000    0.2500
    0.8000    0.2500
    0.9000    0.2500
    0.9000    0.3000
    1.0000    0.2500
   -0.9000    0.3500
   -1.0000    0.3500
   -0.8000    0.3500
   -0.9000    0.4000
   -0.7000    0.3500
   -0.7000    0.4000
   -0.6000    0.3500
   -0.5000    0.3500
   -0.4000    0.3500
   -0.5000    0.4000
   -0.3000    0.3500
   -0.3000    0.4000
   -0.2000    0.3500
   -0.1000    0.3500
         0    0.3500
   -0.1000    0.4000
    0.1000    0.3500
    0.1000    0.4000
    0.2000    0.3500
    0.3000    0.3500
    0.4000    0.3500
    0.3000    0.4000
    0.5000    0.3500
    0.5000    0.4000
    0.6000    0.3500
    0.7000    0.3500
    0.8000    0.3500
    0.7000    0.4000
    0.9000    0.3500
    0.9000    0.4000
    1.0000    0.3500
   -0.9000    0.5000
   -0.9000    0.4500
   -1.0000    0.4500
   -0.8000    0.4500
   -0.7000    0.4500
   -0.7000    0.5000
   -0.6000    0.4500
   -0.5000    0.5000
   -0.5000    0.4500
   -0.4000    0.4500
   -0.3000    0.4500
   -0.3000    0.5000
   -0.2000    0.4500
   -0.1000    0.5000
   -0.1000    0.4500
         0    0.4500
    0.1000    0.4500
    0.1000    0.5000
    0.2000    0.4500
    0.3000    0.5000
    0.3000    0.4500
    0.4000    0.4500
    0.5000    0.4500
    0.5000    0.5000
    0.6000    0.4500
    0.7000    0.5000
    0.7000    0.4500
    0.8000    0.4500
    0.9000    0.4500
    0.9000    0.5000
    1.0000    0.4500
   -0.9000    0.5500
   -1.0000    0.5500
   -0.8000    0.5500
   -0.9000    0.6000
   -0.7000    0.5500
   -0.7000    0.6000
   -0.6000    0.5500
   -0.5000    0.5500
   -0.4000    0.5500
   -0.5000    0.6000
   -0.3000    0.5500
   -0.3000    0.6000
   -0.2000    0.5500
   -0.1000    0.5500
         0    0.5500
   -0.1000    0.6000
    0.1000    0.5500
    0.1000    0.6000
    0.2000    0.5500
    0.3000    0.5500
    0.4000    0.5500
    0.3000    0.6000
    0.5000    0.5500
    0.5000    0.6000
    0.6000    0.5500
    0.7000    0.5500
    0.8000    0.5500
    0.7000    0.6000
    0.9000    0.5500
    0.9000    0.6000
    1.0000    0.5500
   -0.9000    0.7000
   -0.9000    0.6500
   -1.0000    0.6500
   -0.8000    0.6500
   -0.7000    0.6500
   -0.7000    0.7000
   -0.6000    0.6500
   -0.5000    0.7000
   -0.5000    0.6500
   -0.4000    0.6500
   -0.3000    0.6500
   -0.3000    0.7000
   -0.2000    0.6500
   -0.1000    0.7000
   -0.1000    0.6500
         0    0.6500
    0.1000    0.6500
    0.1000    0.7000
    0.2000    0.6500
    0.3000    0.7000
    0.3000    0.6500
    0.4000    0.6500
    0.5000    0.6500
    0.5000    0.7000
    0.6000    0.6500
    0.7000    0.7000
    0.7000    0.6500
    0.8000    0.6500
    0.9000    0.6500
    0.9000    0.7000
    1.0000    0.6500
   -0.9000    0.7500
   -1.0000    0.7500
   -0.8000    0.7500
   -0.9000    0.8000
   -0.7000    0.7500
   -0.7000    0.8000
   -0.6000    0.7500
   -0.5000    0.7500
   -0.4000    0.7500
   -0.5000    0.8000
   -0.3000    0.7500
   -0.3000    0.8000
