nodeco = [ ] ; elnode = [ ] ; bdynde = [ ] ; bdyedge = [ ] ;

nodeco =[ -1.00000000000000                  0
  -0.83333333333333                  0
  -0.66666666666667                  0
  -0.50000000000000                  0
  -0.33333333333333                  0
  -0.16666666666667                  0
                  0                  0
   0.16666666666667                  0
   0.33333333333333                  0
   0.50000000000000                  0
   0.66666666666667                  0
   0.83333333333333                  0
   1.00000000000000                  0
  -1.00000000000000   0.08333333333333
  -0.83333333333333   0.08333333333333
  -0.66666666666667   0.08333333333333
  -0.50000000000000   0.08333333333333
  -0.33333333333333   0.08333333333333
  -0.16666666666667   0.08333333333333
                  0   0.08333333333333
   0.16666666666667   0.08333333333333
   0.33333333333333   0.08333333333333
   0.50000000000000   0.08333333333333
   0.66666666666667   0.08333333333333
   0.83333333333333   0.08333333333333
   1.00000000000000   0.08333333333333
  -1.00000000000000   0.16666666666667
  -0.83333333333333   0.16666666666667
  -0.66666666666667   0.16666666666667
  -0.50000000000000   0.16666666666667
  -0.33333333333333   0.16666666666667
  -0.16666666666667   0.16666666666667
                  0   0.16666666666667
   0.16666666666667   0.16666666666667
   0.33333333333333   0.16666666666667
   0.50000000000000   0.16666666666667
   0.66666666666667   0.16666666666667
   0.83333333333333   0.16666666666667
   1.00000000000000   0.16666666666667
  -1.00000000000000   0.25000000000000
  -0.83333333333333   0.25000000000000
  -0.66666666666667   0.25000000000000
  -0.50000000000000   0.25000000000000
  -0.33333333333333   0.25000000000000
  -0.16666666666667   0.25000000000000
                  0   0.25000000000000
   0.16666666666667   0.25000000000000
   0.33333333333333   0.25000000000000
   0.50000000000000   0.25000000000000
   0.66666666666667   0.25000000000000
   0.83333333333333   0.25000000000000
   1.00000000000000   0.25000000000000
  -1.00000000000000   0.33333333333333
  -0.83333333333333   0.33333333333333
  -0.66666666666667   0.33333333333333
  -0.50000000000000   0.33333333333333
  -0.33333333333333   0.33333333333333
  -0.16666666666667   0.33333333333333
                  0   0.33333333333333
   0.16666666666667   0.33333333333333
   0.33333333333333   0.33333333333333
   0.50000000000000   0.33333333333333
   0.66666666666667   0.33333333333333
   0.83333333333333   0.33333333333333
   1.00000000000000   0.33333333333333
  -1.00000000000000   0.41666666666667
  -0.83333333333333   0.41666666666667
  -0.66666666666667   0.41666666666667
  -0.50000000000000   0.41666666666667
  -0.33333333333333   0.41666666666667
  -0.16666666666667   0.41666666666667
                  0   0.41666666666667
   0.16666666666667   0.41666666666667
   0.33333333333333   0.41666666666667
   0.50000000000000   0.41666666666667
   0.66666666666667   0.41666666666667
   0.83333333333333   0.41666666666667
   1.00000000000000   0.41666666666667
  -1.00000000000000   0.50000000000000
  -0.83333333333333   0.50000000000000
  -0.66666666666667   0.50000000000000
  -0.50000000000000   0.50000000000000
  -0.33333333333333   0.50000000000000
  -0.16666666666667   0.50000000000000
                  0   0.50000000000000
   0.16666666666667   0.50000000000000
   0.33333333333333   0.50000000000000
   0.50000000000000   0.50000000000000
   0.66666666666667   0.50000000000000
   0.83333333333333   0.50000000000000
   1.00000000000000   0.50000000000000
  -1.00000000000000   0.58333333333333
  -0.83333333333333   0.58333333333333
  -0.66666666666667   0.58333333333333
  -0.50000000000000   0.58333333333333
  -0.33333333333333   0.58333333333333
  -0.16666666666667   0.58333333333333
                  0   0.58333333333333
   0.16666666666667   0.58333333333333
   0.33333333333333   0.58333333333333
   0.50000000000000   0.58333333333333
   0.66666666666667   0.58333333333333
   0.83333333333333   0.58333333333333
   1.00000000000000   0.58333333333333
  -1.00000000000000   0.66666666666667
  -0.83333333333333   0.66666666666667
  -0.66666666666667   0.66666666666667
  -0.50000000000000   0.66666666666667
  -0.33333333333333   0.66666666666667
  -0.16666666666667   0.66666666666667
                  0   0.66666666666667
   0.16666666666667   0.66666666666667
   0.33333333333333   0.66666666666667
   0.50000000000000   0.66666666666667
   0.66666666666667   0.66666666666667
   0.83333333333333   0.66666666666667
   1.00000000000000   0.66666666666667
  -1.00000000000000   0.75000000000000
  -0.83333333333333   0.75000000000000
  -0.66666666666667   0.75000000000000
  -0.50000000000000   0.75000000000000
  -0.33333333333333   0.75000000000000
  -0.16666666666667   0.75000000000000
                  0   0.75000000000000
   0.16666666666667   0.75000000000000
   0.33333333333333   0.75000000000000
   0.50000000000000   0.75000000000000
   0.66666666666667   0.75000000000000
   0.83333333333333   0.75000000000000
   1.00000000000000   0.75000000000000
  -1.00000000000000   0.83333333333333
  -0.83333333333333   0.83333333333333
  -0.66666666666667   0.83333333333333
  -0.50000000000000   0.83333333333333
  -0.33333333333333   0.83333333333333
  -0.16666666666667   0.83333333333333
                  0   0.83333333333333
   0.16666666666667   0.83333333333333
   0.33333333333333   0.83333333333333
   0.50000000000000   0.83333333333333
   0.66666666666667   0.83333333333333
   0.83333333333333   0.83333333333333
   1.00000000000000   0.83333333333333
  -1.00000000000000   0.91666666666667
  -0.83333333333333   0.91666666666667
  -0.66666666666667   0.91666666666667
  -0.50000000000000   0.91666666666667
  -0.33333333333333   0.91666666666667
  -0.16666666666667   0.91666666666667
                  0   0.91666666666667
   0.16666666666667   0.91666666666667
   0.33333333333333   0.91666666666667
   0.50000000000000   0.91666666666667
   0.66666666666667   0.91666666666667
   0.83333333333333   0.91666666666667
   1.00000000000000   0.91666666666667
  -1.00000000000000   1.00000000000000
  -0.83333333333333   1.00000000000000
  -0.66666666666667   1.00000000000000
  -0.50000000000000   1.00000000000000
  -0.33333333333333   1.00000000000000
  -0.16666666666667   1.00000000000000
                  0   1.00000000000000
   0.16666666666667   1.00000000000000
   0.33333333333333   1.00000000000000
   0.50000000000000   1.00000000000000
   0.66666666666667   1.00000000000000
   0.83333333333333   1.00000000000000
   1.00000000000000   1.00000000000000
  -0.91666666666667   0.08333333333333
  -0.91666666666667   0.04166666666667
  -1.00000000000000   0.04166666666667
  -0.83333333333333   0.04166666666667
  -0.91666666666667                  0
  -0.75000000000000   0.04166666666667
  -0.75000000000000                  0
  -0.75000000000000   0.08333333333333
  -0.66666666666667   0.04166666666667
  -0.58333333333333   0.08333333333333
  -0.58333333333333   0.04166666666667
  -0.50000000000000   0.04166666666667
  -0.58333333333333                  0
  -0.41666666666667   0.04166666666667
  -0.41666666666667                  0
  -0.41666666666667   0.08333333333333
  -0.33333333333333   0.04166666666667
  -0.25000000000000   0.08333333333333
  -0.25000000000000   0.04166666666667
  -0.16666666666667   0.04166666666667
  -0.25000000000000                  0
  -0.08333333333333   0.04166666666667
  -0.08333333333333                  0
  -0.08333333333333   0.08333333333333
                  0   0.04166666666667
   0.08333333333333   0.08333333333333
   0.08333333333333   0.04166666666667
   0.16666666666667   0.04166666666667
   0.08333333333333                  0
