nodeco = [ ] ; elnode = [ ] ; bdynde = [ ] ; bdyedge = [ ] ;

nodeco =[ -1.0000         0
   -0.5000         0
         0         0
    0.5000         0
    1.0000         0
   -1.0000    0.2500
   -0.5000    0.2500
         0    0.2500
    0.5000    0.2500
    1.0000    0.2500
   -1.0000    0.5000
   -0.5000    0.5000
         0    0.5000
    0.5000    0.5000
    1.0000    0.5000
   -1.0000    0.7500
   -0.5000    0.7500
         0    0.7500
    0.5000    0.7500
    1.0000    0.7500
   -1.0000    1.0000
   -0.5000    1.0000
         0    1.0000
    0.5000    1.0000
    1.0000    1.0000
   -0.7500    0.2500
   -0.7500    0.1250
   -1.0000    0.1250
   -0.5000    0.1250
   -0.7500         0
   -0.2500    0.1250
   -0.2500         0
   -0.2500    0.2500
         0    0.1250
    0.2500    0.2500
    0.2500    0.1250
    0.5000    0.1250
    0.2500         0
    0.7500    0.1250
    0.7500         0
    0.7500    0.2500
    1.0000    0.1250
   -0.7500    0.3750
   -1.0000    0.3750
   -0.5000    0.3750
   -0.7500    0.5000
   -0.2500    0.3750
   -0.2500    0.5000
         0    0.3750
    0.2500    0.3750
    0.5000    0.3750
    0.2500    0.5000
    0.7500    0.3750
    0.7500    0.5000
    1.0000    0.3750
   -0.7500    0.7500
   -0.7500    0.6250
   -1.0000    0.6250
   -0.5000    0.6250
   -0.2500    0.6250
   -0.2500    0.7500
         0    0.6250
    0.2500    0.7500
    0.2500    0.6250
    0.5000    0.6250
    0.7500    0.6250
    0.7500    0.7500
    1.0000    0.6250
   -0.7500    0.8750
   -1.0000    0.8750
   -0.5000    0.8750
   -0.7500    1.0000
   -0.2500    0.8750
   -0.2500    1.0000
         0    0.8750
    0.2500    0.8750
    0.5000    0.8750
    0.2500    1.0000
    0.7500    0.8750
    0.7500    1.0000
    1.0000    0.8750 ] ;
    
elnode = [ 1     6     7     1     2     3
     1     2     7     4     2     5
     3     2     7     4     6     7
     3     8     7     8     6     9
     3     8     9    10    11     9
     3     4     9    12    11    13
     5     4     9    12    14    15
     5    10     9    16    14    17
    11     6     7     1    18    19
    11    12     7    20    18    21
    13    12     7    20    22    23
    13     8     7     8    22    24
    13     8     9    10    25    24
    13    14     9    26    25    27
    15    14     9    26    28    29
    15    10     9    16    28    30
    11    16    17    31    32    33
    11    12    17    34    32    21
    13    12    17    34    35    23
    13    18    17    36    35    37
    13    18    19    38    39    37
    13    14    19    40    39    27
    15    14    19    40    41    29
    15    20    19    42    41    43
    21    16    17    31    44    45
    21    22    17    46    44    47
    23    22    17    46    48    49
    23    18    17    36    48    50
    23    18    19    38    51    50
    23    24    19    52    51    53
    25    24    19    52    54    55
    25    20    19    42    54    56 ] ;
    
bdynde = [ 1     0    -1     0
     2     0    -1    -1
     3     0    -1    -1
     4     0    -1    -1
     5     0     0    -1
    10     0    -1    -1
    15     0    -1    -1
    20     0    -1    -1
    25     0    -1    -1
    24     0    -1    -1
    23     0    -1    -1
    22     0    -1    -1
    21     0    -1     0
    16     0    -1     0
    11     0    -1     0
     6     0    -1     0 ] ;
    
bdyedge = [ 5     0    -1    -1
     7     0    -1    -1
    13     0    -1    -1
    15     0    -1    -1
    17     0    -1    -1
    30     0    -1    -1
    43     0    -1    -1
    56     0    -1    -1
    55     0    -1    -1
    53     0    -1    -1
    49     0    -1    -1
    47     0    -1    -1
    45     0    -1     0
    33     0    -1     0
    19     0    -1     0
     3     0    -1     0 ] ;
    
nVert = 25 ;
    
nedge = 56 ;   