nodeco = [ ] ; elnode = [ ] ; bdynde = [ ] ; bdyedge = [ ] ;

nodeco =[ -1.0000         0
   -0.7500         0
   -0.5000         0
   -0.2500         0
         0         0
    0.2500         0
    0.5000         0
    0.7500         0
    1.0000         0
   -1.0000    0.1250
   -0.7500    0.1250
   -0.5000    0.1250
   -0.2500    0.1250
         0    0.1250
    0.2500    0.1250
    0.5000    0.1250
    0.7500    0.1250
    1.0000    0.1250
   -1.0000    0.2500
   -0.7500    0.2500
   -0.5000    0.2500
   -0.2500    0.2500
         0    0.2500
    0.2500    0.2500
    0.5000    0.2500
    0.7500    0.2500
    1.0000    0.2500
   -1.0000    0.3750
   -0.7500    0.3750
   -0.5000    0.3750
   -0.2500    0.3750
         0    0.3750
    0.2500    0.3750
    0.5000    0.3750
    0.7500    0.3750
    1.0000    0.3750
   -1.0000    0.5000
   -0.7500    0.5000
   -0.5000    0.5000
   -0.2500    0.5000
         0    0.5000
    0.2500    0.5000
    0.5000    0.5000
    0.7500    0.5000
    1.0000    0.5000
   -1.0000    0.6250
   -0.7500    0.6250
   -0.5000    0.6250
   -0.2500    0.6250
         0    0.6250
    0.2500    0.6250
    0.5000    0.6250
    0.7500    0.6250
    1.0000    0.6250
   -1.0000    0.7500
   -0.7500    0.7500
   -0.5000    0.7500
   -0.2500    0.7500
         0    0.7500
    0.2500    0.7500
    0.5000    0.7500
    0.7500    0.7500
    1.0000    0.7500
   -1.0000    0.8750
   -0.7500    0.8750
   -0.5000    0.8750
   -0.2500    0.8750
         0    0.8750
    0.2500    0.8750
    0.5000    0.8750
    0.7500    0.8750
    1.0000    0.8750
   -1.0000    1.0000
   -0.7500    1.0000
   -0.5000    1.0000
   -0.2500    1.0000
         0    1.0000
    0.2500    1.0000
    0.5000    1.0000
    0.7500    1.0000
    1.0000    1.0000
   -0.8750    0.1250
   -0.8750    0.0625
   -1.0000    0.0625
   -0.7500    0.0625
   -0.8750         0
   -0.6250    0.0625
   -0.6250         0
   -0.6250    0.1250
   -0.5000    0.0625
   -0.3750    0.1250
   -0.3750    0.0625
   -0.2500    0.0625
   -0.3750         0
   -0.1250    0.0625
   -0.1250         0
   -0.1250    0.1250
         0    0.0625
    0.1250    0.1250
    0.1250    0.0625
    0.2500    0.0625
    0.1250         0
    0.3750    0.0625
    0.3750         0
    0.3750    0.1250
    0.5000    0.0625
    0.6250    0.1250
    0.6250    0.0625
    0.7500    0.0625
    0.6250         0
    0.8750    0.0625
    0.8750         0
    0.8750    0.1250
    1.0000    0.0625
   -0.8750    0.1875
   -1.0000    0.1875
   -0.7500    0.1875
   -0.8750    0.2500
   -0.6250    0.1875
   -0.6250    0.2500
   -0.5000    0.1875
   -0.3750    0.1875
   -0.2500    0.1875
   -0.3750    0.2500
   -0.1250    0.1875
   -0.1250    0.2500
         0    0.1875
    0.1250    0.1875
    0.2500    0.1875
    0.1250    0.2500
    0.3750    0.1875
    0.3750    0.2500
    0.5000    0.1875
    0.6250    0.1875
    0.7500    0.1875
    0.6250    0.2500
    0.8750    0.1875
    0.8750    0.2500
    1.0000    0.1875
   -0.8750    0.3750
   -0.8750    0.3125
   -1.0000    0.3125
   -0.7500    0.3125
   -0.6250    0.3125
   -0.6250    0.3750
   -0.5000    0.3125
   -0.3750    0.3750
   -0.3750    0.3125
   -0.2500    0.3125
   -0.1250    0.3125
   -0.1250    0.3750
         0    0.3125
    0.1250    0.3750
    0.1250    0.3125
    0.2500    0.3125
    0.3750    0.3125
    0.3750    0.3750
    0.5000    0.3125
    0.6250    0.3750
    0.6250    0.3125
    0.7500    0.3125
    0.8750    0.3125
    0.8750    0.3750
    1.0000    0.3125
   -0.8750    0.4375
   -1.0000    0.4375
   -0.7500    0.4375
   -0.8750    0.5000
   -0.6250    0.4375
   -0.6250    0.5000
   -0.5000    0.4375
   -0.3750    0.4375
   -0.2500    0.4375
   -0.3750    0.5000
   -0.1250    0.4375
   -0.1250    0.5000
         0    0.4375
    0.1250    0.4375
    0.2500    0.4375
    0.1250    0.5000
    0.3750    0.4375
    0.3750    0.5000
    0.5000    0.4375
    0.6250    0.4375
    0.7500    0.4375
    0.6250    0.5000
    0.8750    0.4375
    0.8750    0.5000
    1.0000    0.4375
   -0.8750    0.6250
   -0.8750    0.5625
   -1.0000    0.5625
   -0.7500    0.5625
   -0.6250    0.5625
   -0.6250    0.6250
   -0.5000    0.5625
   -0.3750    0.6250
   -0.3750    0.5625
   -0.2500    0.5625
   -0.1250    0.5625
   -0.1250    0.6250
         0    0.5625
    0.1250    0.6250
    0.1250    0.5625
    0.2500    0.5625
    0.3750    0.5625
    0.3750    0.6250
    0.5000    0.5625
    0.6250    0.6250
    0.6250    0.5625
    0.7500    0.5625
    0.8750    0.5625
    0.8750    0.6250
    1.0000    0.5625
   -0.8750    0.6875
   -1.0000    0.6875
   -0.7500    0.6875
   -0.8750    0.7500
   -0.6250    0.6875
   -0.6250    0.7500
   -0.5000    0.6875
   -0.3750    0.6875
   -0.2500    0.6875
   -0.3750    0.7500
   -0.1250    0.6875
   -0.1250    0.7500
         0    0.6875
    0.1250    0.6875
    0.2500    0.6875
    0.1250    0.7500
    0.3750    0.6875
    0.3750    0.7500
    0.5000    0.6875
    0.6250    0.6875
    0.7500    0.6875
    0.6250    0.7500
    0.8750    0.6875
    0.8750    0.7500
    1.0000    0.6875
   -0.8750    0.8750
   -0.8750    0.8125
   -1.0000    0.8125
   -0.7500    0.8125
   -0.6250    0.8125
   -0.6250    0.8750
   -0.5000    0.8125
   -0.3750    0.8750
   -0.3750    0.8125
   -0.2500    0.8125
   -0.1250    0.8125
   -0.1250    0.8750
         0    0.8125
    0.1250    0.8750
    0.1250    0.8125
    0.2500    0.8125
    0.3750    0.8125
    0.3750    0.8750
    0.5000    0.8125
    0.6250    0.8750
    0.6250    0.8125
    0.7500    0.8125
    0.8750    0.8125
    0.8750    0.8750
    1.0000    0.8125
   -0.8750    0.9375
   -1.0000    0.9375
   -0.7500    0.9375
   -0.8750    1.0000
   -0.6250    0.9375
   -0.6250    1.0000
   -0.5000    0.9375
   -0.3750    0.9375
   -0.2500    0.9375
   -0.3750    1.0000
   -0.1250    0.9375
   -0.1250    1.0000
         0    0.9375
    0.1250    0.9375
    0.2500    0.9375
    0.1250    1.0000
    0.3750    0.9375
    0.3750    1.0000
    0.5000    0.9375
    0.6250    0.9375
    0.7500    0.9375
    0.6250    1.0000
    0.8750    0.9375
    0.8750    1.0000
    1.0000    0.9375 ] ;
    
